
country
state
city
address
org
emails
name_servers
creation_date
updated_date
registrar
domain_name


fc2.com
livedoor.com
aajtak.in
facebook.com

['fc2.com', 'livedoor.localdomain', 'livedoor.com', 'aajtak.com', 'home.in.localdomain', 'home.it', 'florence.it', 'florence.it.localdomain', 'flora.it']
[[5.0, 5.0, 5.0, 5.0, 5.0], [5.0, 5.0, 5.0], [5.0, 5.0, 5.0, 5.0, 5.0, 5.0, 5.0, 5.0, 5.0], [5.0, 5.0, 5.0, 5.0, 5.0, 5.0, 5.0], [5.0, 5.0, 5.0], [5.0, 5.0, 5.0, 5.0, 5.0], [5.0, 5.0], [5.0, 5.0, 5.0], [5.0, 5.0, 5.0, 5.0, 5.0, 5.0]]
[[0.085271188, 0.085906003, 0.092546109, 0.092965967, 0.117873541, 0.118878626], [0.111025012, 0.084182156, 0.198360003, 0.931962622, 4.09688592], [0.090713306, 0.09147985, 1.683902146, 1.684602087, 0.066214771, 0.066842546, 0.078261595, 0.078825802, 0.062808852, 0.063541121, 0.075888715, 0.076851379], [0.088536541, 0.088940695, 0.828731219, 0.829671947, 0.091061219, 0.091946681, 0.104064001, 0.10487975], [0.051351344, 0.090007325, 0.049576196, 0.140974535, 2.024204462], [0.162914368, 0.163315073, 0.202440711, 0.202972527, 0.213485299, 0.213912134], [0.079596141, 0.080028933, 0.154802138, 0.155714062], [0.061551171, 0.103012969, 0.051996366, 0.115221854, 0.923227817], [0.176132924, 0.176786672, 1.753024749, 1.753859365, 0.087049961, 0.08746942]]
